0
0
0.40196085
1.5504204
1.83753538
0.689075768
0.229691923
1.20588255
1.78011239
0.976190627
0.344537884
0.976190627
1.66526639
1.14845955
0.344537884
0.631652772
1.6078434
1.5504204
0.516806781
0.516806781
1.43557453
1.5504204
0.8039217
0.459383845
1.03361356
1.49299741
1.14845955
0.40196085
0.631652772
1.6078434
1.43557453
0.574229777
0.516806781
1.32072854
1.5504204
0.861344695
0.459383845
0.976190627
1.6078434
1.14845955
0.459383845
0.8039217
1.49299741
1.32072854
0.574229777
0.574229777
1.37815154
1.5504204
0.689075768
0.459383845
1.26330554
1.5504204
0.918767691
0.459383845
0.918767691
1.6078434
1.26330554
0.459383845
0.631652772
1.43557453
1.49299741
0.746498704
0.40196085
1.03361356
1.6078434
1.14845955
0.344537884
0.574229777
1.5504204
1.5504204
0.689075768
0.40196085
1.09103656
1.66526639
1.14845955
0.287114888
0.631652772
1.6078434
1.49299741
0.631652772
0.40196085
1.26330554
1.72268939
0.861344695
0.344537884
0.976190627
1.6078434
1.26330554
0.459383845
0.516806781
1.43557453
1.6078434
0.746498704
0.287114888
1.09103656
1.78011239
1.09103656
0.229691923
0.689075768
1.78011239
1.43557453
0.344537884
0.516806781
1.5504204
1.6078434
0.631652772
0.40196085
1.20588255
1.66526639
0.976190627
0.287114888
0.861344695
1.72268939
1.32072854
0.40196085
0.459383845
1.49299741
1.66526639
0.574229777
0.40196085
1.37815154
1.66526639
0.8039217
0.344537884
1.09103656
1.72268939
1.14845955
0.344537884
0.631652772
1.5504204
1.49299741
0.631652772
0.459383845
1.20588255
1.6078434
0.976190627
0.459383845
0.918767691
1.49299741
1.20588255
0.574229777
0.689075768
1.37815154
1.43557453
0.689075768
0.459383845
1.20588255
1.5504204
0.976190627
0.459383845
0.861344695
1.6078434
1.26330554
0.40196085
0.631652772
1.43557453
1.49299741
0.746498704
0.344537884
1.03361356
1.72268939
1.14845955
0.229691923
0.689075768
1.72268939
1.5504204
0.516806781
0.40196085
1.37815154
1.66526639
0.8039217
0.344537884
1.09103656
1.66526639
1.03361356
0.40196085
0.918767691
1.6078434
1.20588255
0.40196085
0.631652772
1.49299741
1.43557453
0.574229777
0.459383845
1.26330554
1.6078434
0.976190627
0.40196085
0.918767691
1.6078434
1.26330554
0.459383845
0.516806781
1.43557453
1.6078434
0.8039217
0.344537884
1.03361356
1.66526639
1.14845955
0.459383845
0.631652772
1.43557453
1.49299741
0.746498704
0.40196085
1.09103656
1.66526639
1.09103656
0.344537884
0.746498704
1.66526639
1.43557453
0.40196085
0.40196085
1.49299741
1.66526639
0.631652772
0.40196085
1.26330554
1.6078434
0.918767691
0.40196085
0.976190627
1.5504204
1.26330554
0.516806781
0.574229777
1.37815154
1.5504204
0.8039217
0.40196085
1.09103656
1.6078434
1.09103656
0.40196085
0.689075768
1.5504204
1.5504204
0.574229777
0.40196085
1.32072854
1.66526639
0.861344695
0.40196085
1.09103656
1.5504204
1.09103656
0.631652772
0.861344695
1.32072854
1.20588255
0.8039217
0.8039217
1.09103656
1.32072854
0.976190627
0.689075768
1.03361356
1.26330554
1.09103656
0.8039217
0.918767691
1.14845955
1.14845955
0.976190627
0.8039217
1.03361356
1.26330554
0.976190627
0.8039217
0.976190627
1.20588255
1.14845955
0.8039217
0.861344695
1.14845955
1.20588255
0.918767691
0.8039217
1.14845955
1.20588255
0.918767691
0.8039217
1.03361356
1.32072854
1.03361356
0.689075768
0.976190627
1.26330554
1.09103656
0.861344695
0.861344695
1.09103656
1.26330554
0.976190627
0.746498704
1.03361356
1.26330554
1.03361356
0.8039217
0.976190627
1.20588255
1.09103656
0.8039217
0.861344695
1.20588255
1.20588255
0.918767691
0.8039217
1.03361356
1.26330554
1.03361356
0.746498704
0.976190627
1.26330554
1.09103656
0.8039217
0.918767691
1.20588255
1.09103656
0.861344695
0.918767691
1.14845955
1.14845955
0.918767691
0.861344695
1.09103656
1.20588255
0.976190627
0.746498704
1.03361356
1.32072854
0.976190627
0.746498704
1.03361356
1.26330554
1.03361356
0.746498704
0.976190627
1.32072854
1.03361356
0.746498704
0.976190627
1.26330554
1.09103656
0.746498704
0.918767691
1.26330554
1.14845955
0.8039217
0.861344695
1.14845955
1.20588255
0.918767691
0.8039217
1.09103656
1.26330554
0.976190627
0.746498704
1.03361356
1.26330554
1.03361356
0.8039217
0.976190627
1.20588255
1.03361356
0.861344695
1.03361356
1.14845955
1.03361356
0.861344695
0.976190627
1.09103656
1.09103656
0.976190627
0.861344695
1.09103656
1.14845955
0.976190627
0.918767691
0.976190627
1.14845955
1.09103656
0.861344695
0.918767691
1.14845955
1.14845955
0.918767691
0.861344695
1.03361356
1.14845955
1.03361356
0.918767691
0.976190627
1.09103656
1.09103656
0.976190627
0.918767691